1030787997907,-0.0936874,-0.06888
1030788027429,-0.0882165,-0.0778183
1030788058561,-0.0869592,-0.062973
1030788088101,-0.0860938,-0.0613813
1030788118437,-0.0779463,-0.0772018
1030788149569,-0.0790479,-0.0924985
1030788179109,-0.0818824,-0.0785792
1030788209445,-0.0824564,-0.0937564
1030788239781,-0.0799143,-0.0889469
1030788270931,-0.07867,-0.0879602
1030788300453,-0.0790761,-0.0880358
1030788331603,-0.0800359,-0.0959697
1030788361125,-0.0773535,-0.100013
1030788391461,-0.0792918,-0.0980994
1030788421797,-0.0900069,-0.0881395
1030788452124,-0.0891473,-0.0892878
1030788482469,-0.0907155,-0.0852796
1030788512796,-0.0918853,-0.0744743
1030788543132,-0.0887731,-0.0759815
1030788573468,-0.0862575,-0.0874624
1030788603813,-0.0824209,-0.0850291
1030788634945,-0.0837695,-0.0937781
1030788665299,-0.0845535,-0.0934274
1030788694821,-0.08422,-0.0947043
1030788725157,-0.0826175,-0.108796
1030788755493,-0.0818399,-0.107403
1030788786643,-0.0754542,-0.105538
1030788816979,-0.0758793,-0.103974
1030788847315,-0.0773652,-0.105132
1030788877651,-0.0798807,-0.101727
1030788907987,-0.0778156,-0.114195
1030788938323,-0.077831,-0.11904
1030788968659,-0.077424,-0.106018
1030788998995,-0.0778511,-0.0808775
1030789029331,-0.0817529,-0.0809414
1030789059667,-0.0817161,-0.08131
1030789090003,-0.0817257,-0.0733846
1030789119525,-0.0805458,-0.0767189
1030789150675,-0.0805455,-0.0721982
1030789180197,-0.0812728,-0.0702494
1030789211347,-0.0832363,-0.0839688
1030789240869,-0.0851094,-0.0815088
1030789272019,-0.0845642,-0.0653256
1030789302355,-0.0842432,-0.0638611
1030789332691,-0.0847368,-0.0517372
1030789363027,-0.0854799,-0.0466198
1030789393363,-0.0897018,-0.055692
1030789423699,-0.0909647,-0.0556481
1030789454035,-0.0920079,-0.0609486
1030789484371,-0.0965977,-0.0565472
1030789514707,-0.0982141,-0.0788467
1030789544220,-0.0995809,-0.0808769
1030789574556,-0.103317,-0.0793638
1030789604892,-0.100053,-0.0805577
1030789635228,-0.0990738,-0.0631489
1030789665564,-0.0996824,-0.0555915
1030789695900,-0.0951239,-0.052099
1030789727059,-0.0945351,-0.0465349
1030789757395,-0.0907476,-0.0407532
1030789787731,-0.0911633,-0.0409921
1030789818067,-0.0934855,-0.0427141
1030789848403,-0.0920594,-0.0326186
1030789878739,-0.0907871,-0.0117221
1030789909075,-0.0917268,-0.00181425
1030789939411,-0.0886785,-0.00591946
1030789969747,-0.0882692,0.00629804
1030790000065,-0.0893286,0.00867629
1030790030401,-0.0897999,0.00770214
1030790060737,-0.0905758,0.000603437
1030790091073,-0.0943589,-0.00276899
1030790121409,-0.0938178,-0.0127604
1030790151763,-0.0934377,-0.0228447
1030790182081,-0.0941874,-0.0247003
1030790212435,-0.0908394,-0.02211
1030790241948,-0.0882463,-0.0251886
1030790272284,-0.0870761,-0.0289806
1030790302620,-0.084293,-0.0353962
1030790332956,-0.0845941,-0.0421391
1030790363292,-0.0843662,-0.0479763
1030790393628,-0.084192,-0.0572407
1030790423964,-0.0837924,-0.0561419
1030790454300,-0.0835879,-0.0517257
1030790484636,-0.0816172,-0.0321949
1030790514972,-0.0825373,-0.0316271
1030790545308,-0.0810246,-0.032214
1030790575644,-0.0787812,-0.0287862
1030790606803,-0.0825692,-0.0240858
1030790637139,-0.0816963,-0.026571
1030790666652,-0.0817409,-0.0332537
1030790696988,-0.0794788,-0.0329218
1030790727324,-0.0781726,-0.0414443
1030790757660,-0.0790708,-0.0422993
1030790787996,-0.0792421,-0.0424684
1030790818332,-0.0771349,-0.0531387
1030790848668,-0.0758225,-0.0584509
1030790879004,-0.0777157,-0.0571511
1030790909340,-0.0785718,-0.0579945
1030790939676,-0.0734936,-0.0608382
1030790970012,-0.0739805,-0.0612276
1030791000348,-0.0746621,-0.058921
1030791030684,-0.0751619,-0.0576224
1030791061825,-0.0739317,-0.0567771
1030791091356,-0.0748949,-0.0576581
1030791121692,-0.0749497,-0.0429679
1030791152028,-0.0721939,-0.0379148
1030791182364,-0.0734454,-0.0375328
1030791212700,-0.0740288,-0.0377043
1030791243036,-0.0745353,-0.037237
1030791273372,-0.0742584,-0.0404073
1030791303708,-0.0721804,-0.0407175
1030791334044,-0.0706447,-0.0438516
1030791364380,-0.0684838,-0.0414625
1030791394716,-0.0705931,-0.0450301
1030791425857,-0.0707867,-0.0543067
1030791456193,-0.0702362,-0.0570779
1030791486529,-0.0720742,-0.0556629
1030791516865,-0.0734354,-0.0549827
1030791547201,-0.076745,-0.0517976
1030791577537,-0.0764308,-0.0469844
1030791607873,-0.0749539,-0.0469432
1030791638209,-0.0726168,-0.049089
1030791668545,-0.0721755,-0.0433418
1030791698881,-0.0720628,-0.0400889
1030791729217,-0.073113,-0.0435058
1030791759553,-0.0698513,-0.0436625
1030791789889,-0.0699596,-0.0468038
1030791820225,-0.071588,-0.0521572
1030791850561,-0.0701231,-0.0555192
1030791880897,-0.0719598,-0.053097
1030791911233,-0.0731366,-0.05199
1030791941569,-0.0752445,-0.0550069
1030791971905,-0.0749514,-0.0541669
1030792002241,-0.0749657,-0.0521221
1030792032577,-0.0746509,-0.0410347
1030792062913,-0.0740457,-0.0387431
1030792093249,-0.0796183,-0.0376686
1030792123585,-0.0796192,-0.0321519
1030792153921,-0.0797474,-0.0297842
1030792184257,-0.0802222,-0.0299735
1030792214593,-0.0790354,-0.0229732
1030792244929,-0.0773339,-0.0215197
1030792275246,-0.0758833,-0.0225483
1030792305601,-0.076871,-0.0255601
1030792335937,-0.0747257,-0.0343339
1030792366273,-0.0751597,-0.0343916
1030792396609,-0.075744,-0.031299
1030792426945,-0.0789191,-0.0320656
1030792457281,-0.0788411,-0.0303191
1030792487617,-0.0789403,-0.0311229
1030792517953,-0.0794633,-0.0366766
1030792548289,-0.079757,-0.0372554
1030792578625,-0.0796295,-0.0323184
1030792608147,-0.0789446,-0.0356684
1030792638483,-0.0811692,-0.034011
1030792668828,-0.0804175,-0.0286136
1030792699155,-0.0834138,-0.0250309
1030792729491,-0.0833346,-0.0222421
1030792760641,-0.0829018,-0.0240276
1030792790977,-0.0825624,-0.0227871
1030792821313,-0.0823073,-0.0229939
1030792851649,-0.0827746,-0.0264661
1030792881985,-0.0824357,-0.0261317
1030792912321,-0.0819355,-0.0322142
1030792942657,-0.0800357,-0.0378914
1030792972993,-0.0791849,-0.0355647
1030793003329,-0.0786614,-0.0378969
1030793033665,-0.0770026,-0.0379395
1030793064001,-0.0804034,-0.0375185
1030793093523,-0.0800149,-0.0347126
1030793123859,-0.0793479,-0.0347706
1030793154195,-0.0803475,-0.0377858
1030793184531,-0.081198,-0.0426363
1030793214867,-0.0819192,-0.0620809
1030793245212,-0.0805024,-0.0660179
1030793275539,-0.081503,-0.0688763
1030793305875,-0.0816808,-0.0670707
1030793336211,-0.349929,0.436168
1030793366547,-0.638726,0.408882
1030793397678,-0.610589,0.577899
1030793428014,-0.595523,0.567351
1030793458350,-0.594248,0.579206
1030793488686,-0.595906,0.585165
1030793519022,-0.599614,0.565832
1030793549358,-0.594341,0.567467
1030793579694,-0.601035,0.565361
1030793609235,-0.609636,0.582818
1030793639571,-0.609897,0.585539
1030793669907,-0.607382,0.587382
1030793700243,-0.607552,0.587226
1030793730579,-0.609714,0.592846
1030793760915,-0.60987,0.604533
1030793791251,-0.611724,0.59984
1030793821587,-0.610353,0.604903
1030793851923,-0.616708,0.606625
1030793883054,-0.615995,0.606807
1030793912595,-0.616908,0.605311
1030793942931,-0.617016,0.603312
1030793973267,-0.614607,0.605367
1030794003603,-0.616494,0.604538
1030794033939,-0.618505,0.601109
1030794064275,-0.619598,0.596805
1030794094611,-0.617672,0.591532
1030794124947,-0.616376,0.590714
1030794155283,-0.616441,0.58909
1030794185619,-0.615528,0.590374
1030794215955,-0.616505,0.590946
1030794246291,-0.614721,0.587051
1030794276627,-0.611956,0.586118
1030794306963,-0.610681,0.584556
1030794337299,-0.607694,0.584991
1030794367635,-0.60898,0.583288
1030794397971,-0.607839,0.583042
1030794428307,-0.60785,0.584256
1030794458643,-0.608937,0.583861
1030794488979,-0.606749,0.585804
1030794519315,-0.607551,0.584642
1030794549651,-0.610246,0.586473
1030794579987,-0.610934,0.584925
1030794610323,-0.610203,0.583506
1030794640659,-0.609217,0.577374
1030794670995,-0.609126,0.573796
1030794701331,-0.609183,0.570292
1030794731667,-0.609271,0.56865
1030794762798,-0.609654,0.573675
1030794793134,-0.609593,0.575058
1030794823470,-0.609636,0.577075
1030794853806,-0.611631,0.5775
1030794884142,-0.612651,0.577354
1030794914478,-0.614574,0.582859
1030794944814,-0.617049,0.581903
1030794974355,-0.618544,0.576033
1030795004691,-0.61938,0.576099
1030795035027,-0.618283,0.576012
1030795066158,-0.618795,0.576676
1030795096494,-0.619037,0.575511
1030795126830,-0.616979,0.571982
1030795157166,-0.614142,0.563735
1030795186707,-0.616009,0.554923
1030795217043,-0.617883,0.555054
1030795247379,-0.617023,0.554102
1030795277715,-0.616868,0.550264
1030795308051,-0.618193,0.549885
1030795338387,-0.617538,0.548821
1030795368723,-0.619371,0.550034
1030795399059,-0.620127,0.554971
1030795429395,-0.62073,0.556731
1030795459731,-0.623596,0.560456
1030795490067,-0.623956,0.565151
1030795520403,-0.623919,0.571156
1030795550739,-0.624523,0.577863
1030795581075,-0.625581,0.582206
1030795611411,-0.624444,0.585641
1030795641747,-0.625285,0.589026
1030795672083,-0.627462,0.587633
1030795702419,-0.630213,0.575722
1030795732755,-0.627044,0.573684
1030795763886,-0.625117,0.566895
1030795794222,-0.623791,0.561155
1030795824558,-0.622082,0.555204
1030795854894,-0.618275,0.551385
1030795885230,-0.616163,0.544279
1030795915566,-0.610119,0.541094
1030795945902,-0.609841,0.535197
1030795976238,-0.607593,0.531003
1030796006574,-0.60638,0.526933
1030796036910,-0.606075,0.523757
1030796067246,-0.606609,0.522622
1030796097582,-0.21987,0.386891
1030796127123,0.371893,0.291566
1030796157459,0.518879,0.312372
1030796187795,0.557609,0.331429
1030796218131,0.573712,0.327242
1030796248467,0.586315,0.340671
1030796278803,0.582164,0.349075
1030796309139,0.58202,0.346556
1030796339475,0.58388,0.34773
1030796370606,0.581214,0.349111
1030796400942,0.582684,0.341656
1030796431278,0.585252,0.327738
1030796461614,0.586525,0.325132
1030796491950,0.583941,0.317237
1030796522286,0.576871,0.315694
1030796552622,0.579437,0.319264
1030796582958,0.576854,0.316209
1030796613294,0.576603,0.313598
1030796643630,0.573729,0.301411
1030796673966,0.568,0.327806
1030796704302,-0.0672756,0.599966
1030796824851,-0.558313,0.529225
1030796855982,-0.604324,0.544043
1030796885523,-0.616969,0.553393
1030796915859,-0.618043,0.554896
1030796946195,-0.619979,0.551262
1030796976531,-0.619755,0.559581
1030797006867,-0.618903,0.556071
1030797037203,-0.621308,0.552741
1030797067539,-0.614647,0.54806
1030797097875,-0.613074,0.546055
1030797129006,-0.610671,0.545345
1030797159342,-0.605277,0.549966
1030797189678,-0.606547,0.548856
1030797220014,-0.606508,0.540966
1030797249555,-0.604344,0.531765
1030797279891,-0.601018,0.521831
1030797310227,-0.602231,0.518012
1030797340563,-0.640396,0.346569
1030797370889,-0.607203,-0.385172
1030797401235,-0.55893,-0.58175
1030797431561,-0.526326,-0.658398
1030797461907,-0.512536,-0.663932
1030797493038,-0.505101,-0.698638
1030797523374,-0.506641,-0.692457
1030797553710,-0.157958,-0.787209
1030797583251,-0.0536277,-0.758948
1030797614382,-0.0158431,-0.772656
1030797643923,-0.000724196,-0.776507
1030797674259,-0.00290096,-0.794039
1030797704595,-0.0058164,-0.790413
1030797734921,0.00553703,-0.786424
1030797765257,-0.000583172,-0.777739
1030797795593,0.00620556,-0.785613
1030797825939,0.0430489,-0.79774
1030797856275,0.124179,-0.508341
1030797887388,0.158241,-0.360542
1030797916947,0.167046,-0.317183
1030797947283,0.164053,-0.312404
1030797977619,0.167574,-0.318427
1030798007955,0.169526,-0.289401
1030798038291,0.170172,-0.312927
1030798068627,0.171371,-0.311517
1030798098963,0.177326,-0.315552
1030798130076,0.338577,0.125592
1030798159635,0.417642,0.343634
1030798190766,0.443717,0.382503
1030798221102,0.461815,0.368549
1030798251438,0.459146,0.340692
1030798281774,0.46368,0.343921
1030798312110,0.562042,0.362861
1030798342446,0.590979,0.374791
1030798372782,0.589858,0.366345
1030798402323,0.605613,0.36702
1030798433454,0.61261,0.368066
1030798463790,0.625548,0.354892
1030798494145,0.618478,0.356776
1030798524462,0.618103,0.360866
1030798554798,0.614881,0.379381
1030798584339,0.614461,0.383002
1030798614675,0.613091,0.379153
1030798645020,0.613774,0.377735
1030798675347,0.615403,0.399207
1030798705683,0.613593,0.402958
1030798736019,0.611975,0.399978
1030798766364,0.611218,0.394061
1030798796691,0.614797,0.395534
1030798827027,0.617954,0.391227
1030798858177,0.616757,0.378693
1030798888494,0.618785,0.375272
1030798918044,0.618202,0.372643
1030798948380,0.618183,0.368528
1030798978716,0.614288,0.358358
1030799009857,0.612176,0.345602
1030799039397,0.609966,0.337939
1030799069733,0.608457,0.325027
1030799100902,0.605609,0.327627
1030799131238,0.598041,0.348453
1030799161592,0.60112,0.357496
1030799191105,0.600517,0.36568
1030799221450,0.600718,0.390394
1030799252637,0.604242,0.404588
1030799282973,0.606993,0.420571
1030799313309,0.610787,0.428939
1030799343645,0.609515,0.430462
1030799373130,0.609203,0.419969
1030799403466,0.607388,0.418054
1030799434653,0.607744,0.409644
1030799464989,0.606793,0.408968
1030799495325,0.605894,0.40726
1030799525661,0.603529,0.392948
1030799555997,0.603196,0.390955
1030799586333,0.600899,0.391203
1030799615818,0.601588,0.388178
1030799646154,0.603422,0.390544
1030799676490,0.603248,0.382843
1030799706826,0.602654,0.383146
1030799737162,0.602289,0.38183
1030799767498,0.604682,0.375333
1030799797834,0.603128,0.362339
1030799828170,0.603159,0.366387
1030799858506,0.603854,0.365009
1030799889674,0.60383,0.365872
1030799920010,0.604067,0.360962
1030799950365,0.607814,0.359185
1030799980701,0.603885,0.346984
1030800011037,0.421888,0.469852
1030800040513,-0.290254,0.774099
1030800161847,-0.673154,0.633007
1030800193034,-0.716546,0.638206
1030800223370,-0.7359,0.629539
1030800252855,-0.729143,0.634483
1030800283191,-0.735857,0.638021
1030800313527,-0.721656,0.646615
1030800344714,-0.729327,0.638733
1030800374199,-0.725932,0.63285
1030800404535,-0.724397,0.630212
1030800434871,-0.723313,0.625677
1030800466022,-0.724808,0.618674
1030800496358,-0.729349,0.61536
1030800526712,-0.727099,0.613978
1030800557048,-0.732309,0.614481
1030800587384,-0.730636,0.614637
1030800617720,-0.725235,0.617054
1030800648038,-0.722923,0.610202
1030800678392,-0.720595,0.610867
1030800708710,-0.716841,0.610249
1030800738231,-0.719422,0.610758
1030800769382,-0.718514,0.609084
1030800799736,-0.717945,0.610489
1030800829239,-0.719502,0.610116
1030800859575,-0.800425,0.396643
1030800889902,-0.789543,-0.4465
1030800920238,-0.776036,-0.5585
1030800950574,-0.765225,-0.579897
1030800980910,-0.759696,-0.587889
1030801012070,-0.751241,-0.587373
1030801042406,-0.74726,-0.59977
1030801072742,-0.741746,-0.602859
1030801103078,-0.731967,-0.606333
1030801133414,-0.729895,-0.585586
1030801163750,-0.727199,-0.609209
1030801194086,-0.720839,-0.61848
1030801224422,-0.717332,-0.609341
1030801254758,-0.717676,-0.626615
1030801285094,-0.718059,-0.620375
1030801314597,-0.716283,-0.611154
1030801344933,-0.718032,-0.602769
1030801375269,-0.714625,-0.609618
1030801406438,-0.713026,-0.603789
1030801435941,-0.705287,-0.622007
1030801467110,-0.603469,-0.631197
1030801497446,0.107398,-0.659861
1030801618790,0.580219,-0.516802
1030801648293,0.629901,-0.475344
1030801678638,0.625601,-0.453879
1030801708965,0.70355,0.0916221
1030801739310,0.738436,0.334459
1030801770470,0.70582,0.41108
1030801799982,0.702817,0.39646
1030801830318,0.698587,0.396077
1030801860654,0.698241,0.376624
1030801890999,0.700938,0.375693
1030801921326,0.707241,0.393813
1030801951662,0.704313,0.392548
1030801981998,0.703573,0.399525
1030802012334,0.701281,0.408393
1030802042670,0.703008,0.41138
1030802073006,0.697667,0.404922
1030802103342,0.700131,0.396372
1030802133678,0.696135,0.386827
1030802164014,0.693143,0.385021
1030802194350,0.699846,0.369717
1030802224695,0.698782,0.370605
1030802255022,0.698202,0.372316
1030802285358,0.699276,0.374228
1030802315694,0.700316,0.382994
1030802346030,0.699328,0.396695
1030802376366,0.698697,0.400638
1030802406711,0.697306,0.401163
1030802437038,0.698408,0.401121
1030802467374,0.699454,0.40524
1030802497710,0.695768,0.409901
1030802528888,0.69475,0.408884
1030802559224,0.692685,0.408423
1030802589560,0.693627,0.413007
1030802619054,0.692218,0.412606
1030802649390,0.695007,0.413238
1030802679735,0.693083,0.414197
1030802710071,0.504032,0.536167
1030802740398,-0.18922,0.843875
1030802861751,-0.559472,0.685445
1030802892087,-0.600863,0.665855
1030802922414,-0.642053,0.69419
1030802952750,-0.819893,0.733888
1030802983086,-0.835542,0.715274
1030803013422,-0.852093,0.703969
1030803043758,-0.867351,0.694183
1030803074094,-0.865426,0.687868
1030803104430,-0.852902,0.678141
1030803134766,-0.854507,0.668498
1030803165926,-0.856011,0.664335
1030803195438,-0.849429,0.659493
1030803225774,-0.843876,0.653499
1030803256110,-0.846637,0.651438
1030803286446,-0.849171,0.649725
1030803316782,-0.852758,0.647309
1030803347942,-0.85503,0.645393
1030803377454,-0.851163,0.642704
1030803407790,-0.844269,0.202995
1030803438950,-0.803172,-0.379378
1030803468462,-0.712686,-0.546202
1030803498798,-0.683016,-0.536761
1030803529134,-0.667884,-0.538232
1030803559470,-0.655811,-0.553471
1030803589806,-0.654618,-0.545749
1030803620142,-0.656224,-0.525308
1030803651302,-0.655262,-0.540098
1030803680805,-0.657535,-0.55937
1030803711150,-0.659343,-0.559495
1030803741477,-0.657428,-0.558218
1030803771822,-0.657134,-0.577653
1030803802158,-0.647023,-0.572905
1030803832494,-0.643522,-0.568703
1030803862830,-0.640278,-0.575766
1030803893166,-0.639952,-0.567128
1030803923502,-0.639264,-0.558566
1030803953838,-0.638427,-0.562066
1030803984174,-0.634876,-0.557685
1030804014510,-0.63717,-0.574504
1030804044846,-0.633499,-0.588226
1030804075182,-0.616484,-0.58616
1030804105518,0.0193778,-0.581797
1030804135854,0.445648,-0.331523
1030804166190,0.498221,-0.244886
1030804196526,0.536147,-0.194361
1030804226862,0.514767,-0.14851
1030804257198,0.526734,-0.145511
1030804287534,0.527078,-0.135508
1030804317870,0.514705,-0.157227
1030804348206,0.538237,-0.153304
1030804378542,0.611797,0.300324
1030804409702,0.642313,0.473196
1030804439214,0.651315,0.512313
1030804469550,0.649103,0.495766
1030804499895,0.650774,0.479106
1030804531046,0.648213,0.480766
1030804561382,0.645758,0.478351
1030804590903,0.646038,0.503906
1030804621239,0.655364,0.498747
1030804651575,0.653125,0.501595
1030804681902,0.654531,0.504783
1030804712247,0.654099,0.516073
1030804742583,0.652072,0.521229
1030804772919,0.656025,0.524553
1030804803255,0.655917,0.521161
1030804833591,0.656491,0.514671
1030804863927,0.654548,0.509542
1030804894263,0.651554,0.504702
1030804924599,0.652482,0.515116
1030804954935,0.653895,0.512601
1030804985271,0.652301,0.502484
1030805015598,0.647698,0.496717
1030805045943,0.646139,0.480367
1030805077112,0.645433,0.47759
1030805107448,0.632567,0.517166
1030805137784,-0.0201139,0.895525
1030805167287,-0.640544,0.948438
1030805288631,-0.72468,0.800285
1030805318958,-0.754534,0.764561
1030805349294,-0.771841,0.74123
1030805380454,-0.783558,0.727587
1030805410790,-0.779985,0.72077
1030805440302,-0.778407,0.71159
1030805471462,-0.782943,0.706203
1030805500983,-0.78634,0.704975
1030805532134,-0.793808,0.706482
1030805561655,-0.79865,0.709076
1030805591991,-0.799178,0.708151
1030805622327,-0.801266,0.712812
1030805652663,-0.801053,0.71134
1030805682990,-0.821839,0.261459
1030805713326,-0.787041,-0.366602
1030805744486,-0.733578,-0.528946
1030805773998,-0.714766,-0.564438
1030805805139,-0.698875,-0.587652
1030805835475,-0.687793,-0.582067
1030805865811,-0.674742,-0.611852
1030805896147,-0.663963,-0.600319
1030805925669,-0.654668,-0.608729
1030805956005,-0.642117,-0.594229
1030805986341,-0.636972,-0.592103
1030806016677,-0.63368,-0.626949
1030806047013,-0.635445,-0.612926
1030806077349,-0.636086,-0.600863
1030806107685,-0.637681,-0.628825
1030806138021,-0.633831,-0.636595
1030806169190,-0.629872,-0.63326
1030806198693,-0.626369,-0.636729
1030806229029,-0.620373,-0.635402
1030806260198,-0.621173,-0.64618
1030806290534,-0.481157,-0.662814
1030806320870,0.141537,-0.677256
1030806351206,0.645081,-0.639287
1030806381542,0.763096,-0.542
1030806411878,0.805203,-0.490374
1030806442214,0.803544,-0.464624
1030806472550,0.799443,-0.460268
1030806502886,0.794994,-0.434177
1030806533222,0.779132,-0.445035
1030806563558,0.770765,-0.452018
1030806593070,0.759765,-0.470216
1030806624230,0.760168,-0.481449
1030806653742,0.751559,-0.48466
1030806684902,0.754771,-0.491826
1030806714414,0.75303,-0.493838
1030806744750,0.741606,-0.536175
1030806775086,0.744486,-0.536208
1030806806227,0.750473,-0.515321
1030806835979,0.744308,-0.075382
1030806866899,0.683288,0.21607
1030806897272,0.655616,0.316303
1030806926739,0.637354,0.350779
1030806957102,0.628635,0.376346
1030806987447,0.619351,0.375161
1030807018598,0.621573,0.369585
1030807048934,0.618368,0.356285
1030807079270,0.61767,0.368318
1030807109606,0.618363,0.363547
1030807139942,0.617184,0.379254
1030807170278,0.615716,0.382856
1030807199799,0.611892,0.368262
1030807230135,0.610406,0.366775
1030807261286,0.610036,0.359366
1030807291622,0.608367,0.35441
1030807321143,0.608171,0.367749
1030807351479,0.607651,0.370345
1030807381815,0.608486,0.366212
1030807412151,0.608845,0.374092
1030807442487,0.609711,0.37431
1030807473638,0.602304,0.370175
1030807503974,0.602991,0.37415
1030807533486,0.602294,0.379345
1030807563831,0.599903,0.37236
1030807594167,0.598568,0.365591
1030807624503,0.596895,0.368706
1030807655654,0.59764,0.375557
1030807685175,0.596053,0.386811
1030807715511,0.303471,0.695433
1030807746662,-0.419673,0.899628
1030807776174,-0.717091,0.875586
1030807806510,-0.742121,0.826179
1030807836846,-0.732471,0.814699
1030807867182,-0.703771,0.778225
1030807897518,-0.711928,0.757669
1030807928696,-0.710097,0.746847
1030807959014,-0.721168,0.740963
1030807989350,-0.73215,0.736033
1030808019686,-0.729558,0.733192
1030808050022,-0.728299,0.739225
1030808080358,-0.727817,0.738004
1030808109870,-0.727578,0.734201
1030808140206,-0.729937,0.7362
1030808170542,-0.735058,0.735313
1030808201702,-0.732407,0.739351
1030808231214,-0.734473,0.731467
1030808262374,-0.732548,0.729756
1030808292710,-0.736151,0.726999
1030808323046,-0.733302,0.729257
1030808352567,-0.734254,0.72102
1030808382903,-0.736802,0.70958
1030808413239,-0.753118,-0.0111897
1030808443566,-0.656017,-0.404452
1030808473902,-0.596843,-0.453361
1030808504238,-0.568823,-0.44717
1030808534565,-0.55813,-0.467699
1030808564901,-0.552689,-0.478696
1030808595237,-0.55006,-0.482404
1030808625573,-0.536645,-0.512281
1030808655918,-0.536017,-0.508965
1030808686245,-0.540047,-0.497632
1030808717395,-0.544381,-0.474205
1030808747731,-0.542023,-0.485287
1030808778067,-0.539378,-0.492592
1030808808403,-0.540172,-0.497736
1030808838739,-0.536777,-0.510193
1030808869075,-0.537973,-0.514713
1030808899411,-0.53761,-0.524569
1030808929747,-0.534134,-0.51827
1030808960083,-0.534959,-0.516652
1030808990419,-0.0286048,-0.635458
1030809020755,0.515854,-0.655224
1030809051091,0.82862,-0.549681
1030809081427,0.846081,-0.51883
1030809111782,0.845181,-0.495521
1030809141285,0.838987,-0.483452
1030809171621,0.879311,-0.489802
1030809201957,0.860251,-0.495503
1030809233107,0.865575,-0.493886
1030809262638,0.867157,-0.49892
1030809292974,0.862816,-0.49846
1030809323301,0.858833,-0.500279
1030809353646,0.857982,-0.421181
1030809383973,0.822928,0.231237
1030809414318,0.800756,0.289907
1030809444654,0.785944,0.310804
1030809474990,0.774301,0.310147
1030809505326,0.766936,0.333769
1030809535662,0.760744,0.325655
1030809565998,0.7575,0.340337
1030809596334,0.671002,0.409689
1030809626670,0.651939,0.418
1030809657830,0.629745,0.407045
1030809687333,0.612671,0.396664
1030809718502,0.610351,0.401871
1030809748014,0.60008,0.414223
1030809778350,0.598884,0.407867
1030809808686,0.597141,0.403618
1030809839022,0.593435,0.408782
1030809870182,0.593091,0.404656
1030809899694,0.593391,0.411711
1030809930854,0.592999,0.408503
1030809961190,0.592451,0.409009
1030809991526,0.593548,0.426411
1030810021862,0.589805,0.428297
1030810052198,0.591561,0.425256
1030810082534,0.59273,0.423846
1030810112046,0.592525,0.427011
1030810142382,0.594257,0.434384
1030810173542,0.594827,0.443807
1030810203054,0.597332,0.462624
1030810233390,0.5981,0.463547
1030810263726,0.597162,0.475242
1030810294062,0.597299,0.477121
1030810324398,0.596659,0.478756
1030810354734,0.0237819,0.774827
1030810385875,-0.71437,0.825791
1030810507238,-0.819976,0.7112
1030810537574,-0.834165,0.691713
1030810567910,-0.852188,0.695079
1030810598246,-0.873805,0.687971
1030810628582,-0.872551,0.696653
1030810658094,-0.87108,0.697604
1030810688421,-0.866605,0.692644
1030810718757,-0.859678,0.684577
1030810749102,-0.849534,0.680155
1030810779438,-0.841587,0.676346
1030810810579,-0.84731,0.676655
1030810840101,-0.852832,0.425528
1030810870437,-0.836121,-0.110251
1030810900773,-0.755134,-0.451396
1030810931923,-0.722111,-0.475034
1030810962259,-0.700036,-0.480205
1030810992595,-0.695056,-0.499116
1030811022931,-0.684049,-0.519475
1030811053267,-0.675415,-0.517842
1030811083603,-0.668082,-0.513291
1030811113939,-0.65386,-0.52224
1030811144275,-0.657142,-0.508646
1030811174611,-0.654056,-0.513643
1030811204133,-0.651935,-0.51754
1030811234469,-0.652012,-0.510935
1030811265619,-0.655722,-0.500874
1030811295955,-0.653265,-0.523203
1030811326310,-0.650876,-0.526767
1030811356627,-0.651924,-0.527951
1030811386963,-0.653653,-0.522058
1030811417299,-0.64993,-0.519189
1030811447635,-0.651679,-0.517094
1030811477971,-0.653786,-0.51834
1030811508307,-0.660463,-0.52954
1030811537838,-0.664778,-0.531045
1030811568165,-0.666513,-0.533826
1030811598501,-0.668854,-0.534747
1030811628837,-0.664816,-0.533696
1030811659173,-0.659162,-0.538301
1030811689518,-0.654904,-0.543003
1030811719854,-0.656238,-0.54149
1030811750181,-0.654774,-0.540224
1030811780517,-0.653538,-0.536637
1030811811667,-0.654561,-0.535609
1030811842003,-0.646978,-0.534764
1030811872339,-0.272083,-0.476159
1030811902675,-0.101477,-0.291954
1030811932197,-0.0578508,-0.25056
1030811962533,-0.035974,-0.238748
1030811992869,-0.0245755,-0.244193
1030812023205,-0.0155014,-0.23271
1030812053541,-0.00889844,-0.243812
1030812083877,-0.011942,-0.256484
1030812114213,-0.00991708,-0.238465
1030812144549,-0.0157661,-0.244778
1030812174885,-0.0122051,-0.253496
1030812205221,-0.0137349,-0.223418
1030812235557,-0.0143869,-0.230856
1030812265893,-0.0208147,-0.24413
1030812296229,-0.0201965,-0.264233
1030812326565,0.0894299,-0.245784
1030812356901,0.373424,0.219959
1030812387237,0.444409,0.400835
1030812418387,0.45403,0.43509
1030812448723,0.462711,0.448968
1030812478245,0.466653,0.466982
1030812509395,0.460599,0.44518
1030812539731,0.471393,0.446761
1030812570067,0.472243,0.473309
1030812600403,0.472562,0.474149
1030812630739,0.467158,0.452934
1030812661075,0.220582,0.411943
1030812691411,0.173832,0.356582
1030812721747,0.150016,0.317306
1030812752083,0.126819,0.304016
1030812782419,0.120299,0.299506
1030812812755,0.113455,0.294568
1030812843091,0.108998,0.278685
1030812873427,0.104794,0.270509
1030812903763,0.105738,0.270568
1030812934099,0.105971,0.258857
1030812964435,0.102106,0.255207
1030812994771,0.102363,0.255823
1030813025107,0.0980167,0.253156
1030813055443,0.0992699,0.248052
1030813085779,0.0994509,0.242778
1030813115310,0.0927843,0.246986
1030813146451,0.0880342,0.24707
1030813176787,0.0877566,0.257198
1030813207123,0.0865594,0.254501
1030813237459,0.0878826,0.249639
1030813267795,0.088854,0.248332
1030813298131,0.0886203,0.250799
1030813328467,0.0894116,0.25111
1030813358803,0.0899557,0.249697
1030813389139,0.0831708,0.246651
1030813419475,0.0869703,0.253979
1030813448997,0.0866644,0.260407
1030813479333,0.0877274,0.269959
1030813509669,0.0891309,0.263608
1030813540005,0.0925604,0.259993
1030813570341,0.0930488,0.260366
1030813600677,0.0897052,0.258891
1030813631846,0.0836296,0.258595
1030813661349,0.082227,0.25972
1030813692518,0.0830199,0.272016
1030813722854,0.0830454,0.27371
1030813753190,0.083266,0.272754
1030813782693,0.0816947,0.268042
1030813813862,0.0128621,0.271443
1030813843374,-0.35288,0.268219
1030813873710,-0.527763,0.272369
1030813904046,-0.55261,0.251938
1030813934382,-0.557247,0.243112
1030813964718,-0.559612,0.237872
1030813995045,-0.557998,0.216286
1030814025390,-0.550874,0.211794
1030814055717,-0.662092,0.228314
1030814086867,-0.830552,0.383031
1030814117203,-0.860753,0.390585
1030814147539,-0.864341,0.383951
1030814177875,-0.865663,0.389727
1030814207397,-0.8641,0.382713
1030814238547,-0.86216,0.379768
1030814268883,-0.869937,0.378775
1030814299219,-0.857976,0.378243
1030814328741,-0.866007,0.379496
1030814359891,-0.771783,0.120281
1030814390227,-0.451323,-0.384389
1030814419749,-0.351536,-0.483689
1030814450899,-0.363258,-0.441044
1030814481235,-0.349683,-0.455729
1030814510766,-0.35974,-0.399518
1030814541093,-0.365648,-0.39032
1030814571438,-0.358373,-0.441643
1030814602579,-0.354349,-0.444159
1030814632110,-0.34947,-0.431084
1030814662446,-0.34357,-0.445232
1030814692782,-0.332214,-0.410341
1030814723109,-0.335041,-0.339273
1030814753454,-0.338079,-0.283261
1030814783790,-0.331895,-0.273339
1030814814126,-0.332504,-0.264764
1030814844462,-0.333475,-0.258632
1030814875603,-0.333191,-0.270595
1030814905939,-0.335638,-0.270346
1030814936275,-0.33854,-0.268834
1030814966611,-0.338087,-0.253289
1030814996947,-0.337637,-0.230205
1030815026478,-0.336913,-0.233751
1030815057619,-0.337313,-0.235967
1030815087955,-0.330625,-0.247354
1030815118291,-0.331781,-0.24187
1030815148627,-0.333569,-0.232908
1030815178963,-0.333354,-0.247125
1030815209299,-0.330253,-0.262708
1030815239635,-0.331918,-0.262311
1030815269971,-0.336009,-0.272424
1030815300307,-0.334392,-0.268164
1030815330643,-0.334523,-0.265724
1030815360174,-0.33097,-0.281702
1030815391315,-0.326208,-0.281409
1030815421651,-0.32626,-0.283522
1030815451987,-0.32358,-0.282402
1030815482323,-0.324246,-0.290134
1030815512659,-0.324083,-0.290022
1030815542995,-0.327206,-0.287639
1030815573331,-0.327496,-0.280963
1030815603667,-0.325285,-0.284499
1030815634022,-0.316869,-0.277274
1030815664339,0.193965,-0.30599
1030815693861,0.693887,-0.39642
1030815725011,0.811994,-0.343308
1030815754533,0.815126,-0.291618
1030815784869,0.844132,-0.287123
1030815816019,0.847123,-0.275651
1030815846410,0.818379,-0.271202
1030815876673,0.8193,-0.273527
1030815907027,0.821075,-0.279327
1030815936549,0.819667,-0.289305
1030815966885,0.818038,-0.280534
1030815997221,0.812626,-0.282463
1030816027557,0.816887,-0.282828
1030816057893,0.820352,-0.290391
1030816088238,0.81559,-0.289379
1030816118565,0.817964,-0.292825
1030816148901,0.815222,-0.29044
1030816179237,0.812082,-0.294017
1030816210406,0.809866,-0.293966
1030816239909,0.811128,-0.279554
1030816270245,0.810338,-0.279209
1030816301414,0.815794,-0.271448
1030816330917,0.81623,-0.272071
1030816361253,0.81515,-0.279677
1030816391589,0.751268,0.143258
1030816421925,0.716486,0.233997
1030816453075,0.694148,0.270755
1030816483411,0.683203,0.274848
1030816513747,0.673879,0.288869
1030816544083,0.668596,0.280241
1030816574419,0.663958,0.292105
1030816604755,0.654388,0.386696
1030816634286,0.655423,0.63309
1030816665446,0.65369,0.685036
1030816694949,0.651388,0.663104
1030816725294,0.647684,0.642258
1030816755630,0.640839,0.642231
1030816785966,0.643818,0.657419
1030816816302,0.645588,0.64705
1030816846638,0.644414,0.639915
1030816876974,0.639634,0.626673
1030816907310,0.628588,0.642331
1030816937637,0.631147,0.657264
1030816967982,0.635413,0.660434
1030816998318,0.639933,0.671011
1030817028654,0.641883,0.673028
1030817058990,0.642295,0.668471
1030817089326,0.639971,0.679644
1030817119662,0.643014,0.686322
1030817149998,0.642736,0.683726
1030817180334,0.641059,0.666735
1030817210670,0.637178,0.668468
1030817241830,0.63634,0.665835
1030817272166,0.637828,0.675509
1030817302502,0.641298,0.674366
1030817332838,0.64302,0.671213
1030817363174,0.637159,0.658909
1030817393510,0.637371,0.657542
1030817423846,0.634647,0.658072
1030817454182,0.636708,0.655161
1030817484518,0.641278,0.665274
1030817514854,0.646867,0.672175
1030817545190,0.651845,0.694752
1030817575526,0.658229,0.706034
1030817605862,0.662001,0.709859
1030817636198,0.662961,0.714357
1030817666534,0.663891,0.71894
1030817696870,0.664872,0.725466
1030817727206,0.666447,0.732489
1030817757542,0.665919,0.744837
1030817787878,0.666765,0.748459
1030817818214,0.668965,0.7539
1030817848550,0.670135,0.765749
1030817878886,0.382566,0.88806
1030817909203,-0.36481,1.01367
1030818029733,-0.746467,0.654062
1030818060883,-0.797315,0.643845
1030818090405,-0.826852,0.639923
1030818120741,-0.829728,0.641983
1030818151891,-0.834167,0.646333
1030818182227,-0.825109,0.651855
1030818212563,-0.833383,0.652744
1030818242899,-0.825642,0.651839
1030818273235,-0.830277,0.651739
1030818303571,-0.827842,0.653591
1030818333907,-0.837994,0.650964
1030818364243,-0.839568,0.649284
1030818393765,-0.839051,0.651046
1030818424101,-0.833227,0.659569
1030818454437,-0.837155,0.658607
1030818484782,-0.840992,0.662954
1030818515923,-0.843738,0.667164
1030818545445,-0.840212,0.665324
1030818575781,-0.835665,0.664787
1030818606931,-0.836958,0.663517
1030818637267,-0.836623,0.661744
1030818667603,-0.836081,0.663172
1030818697125,-0.83582,0.663867
1030818728275,-0.835915,0.662123
1030818757806,-0.835287,0.663199
1030818788133,-0.835912,0.665248
1030818818469,-0.834144,0.663262
1030818848805,-0.833656,0.660878
1030818879141,-0.83325,0.660719
1030818910291,-0.833795,0.660695
1030818939813,-0.773315,0.544494
1030818970963,-0.532755,0.0269963
1030819000485,-0.485729,0.00302672
1030819030821,-0.462377,-0.0250195
1030819061157,-0.453733,-0.0189657
1030819091493,-0.4511,-0.0432692
1030819121829,-0.447099,-0.0556179
1030819152165,-0.451002,-0.0478413
1030819182501,-0.453403,-0.0556898
1030819213651,-0.451051,-0.0471796
1030819243987,-0.447533,-0.0369639
1030819274323,-0.445208,-0.0365311
1030819304659,-0.450615,-0.0292203
1030819334995,-0.754188,0.133449
1030819365331,-0.812847,0.137458
1030819395667,-0.818929,0.14079
1030819426003,-0.82467,0.146455
1030819456339,-0.828064,0.155617
1030819486675,-0.820567,0.149157
1030819517030,-0.536895,-0.237558
1030819546542,-0.391202,-0.332634
1030819577702,-0.34248,-0.366087
1030819608038,-0.316654,-0.411021
1030819638374,-0.302836,-0.440711
1030819667877,-0.293527,-0.432834
1030819699046,-0.296185,-0.441157
1030819729382,-0.286837,-0.445873
1030819758885,-0.290891,-0.458406
1030819789221,-0.283355,-0.470343
1030819819557,-0.276438,-0.462812
1030819850726,-0.276642,-0.457646
1030819881062,-0.272904,-0.446949
1030819911379,-0.268254,-0.45778
1030819941715,-0.265477,-0.461794
1030819972070,-0.268315,-0.463843
1030820002387,-0.268364,-0.461727
1030820032742,-0.268649,-0.458101
1030820063059,-0.267277,-0.454483
1030820093395,-0.265893,-0.444665
1030820123731,-0.265011,-0.441306
1030820154067,-0.266063,-0.441016
1030820184403,-0.220723,-0.480644
1030820214739,0.159528,-0.52761
1030820244261,0.23694,-0.511841
1030820274597,0.260839,-0.478465
1030820304933,0.266791,-0.516181
1030820335269,0.274466,-0.527172
1030820365605,0.269857,-0.503621
1030820395941,0.267794,-0.51155
1030820427091,0.283349,-0.522252
1030820457427,0.27767,-0.529801
1030820487763,0.279541,-0.541759
1030820518099,0.272681,-0.538947
1030820548435,0.271125,-0.523922
1030820578790,0.266028,-0.533559
1030820609107,0.259026,-0.53018
1030820639462,0.26319,-0.52638
1030820669779,0.551246,-0.590245
1030820700134,0.780744,-0.585013
1030820729637,0.797904,-0.602461
1030820760787,0.792152,-0.612276
1030820791123,0.804762,-0.629152
1030820821459,0.795284,-0.638428
1030820850981,0.781935,-0.648157
1030820881317,0.792745,-0.65667
1030820911653,0.78528,-0.663704
1030820941989,0.778406,-0.673602
1030820973139,0.770501,-0.676734
1030821003475,0.778315,-0.673332
1030821033811,0.79064,-0.669056
1030821064147,0.782457,-0.668849
1030821094483,0.782904,-0.664837
1030821124005,0.778257,-0.668685
1030821154341,0.774936,-0.673472
1030821185473,0.772268,-0.676009
1030821215013,0.767123,-0.677313
1030821245349,0.81977,-0.264914
1030821276481,0.816955,0.31712
1030821306039,0.81576,0.461975
1030821336357,0.811275,0.48222
1030821366693,0.807504,0.445045
1030821397029,0.804314,0.489089
1030821427365,0.803511,0.489905
1030821457701,0.789607,0.529331
1030821488037,0.735688,0.524599
1030821518373,0.695152,0.531875
1030821549523,0.672544,0.53613
1030821579054,0.667028,0.530516
1030821610195,0.658317,0.530642
1030821639726,0.657267,0.535241
1030821670867,0.640628,0.549505
1030821701203,0.644457,0.539664
1030821731539,0.645151,0.541315
1030821761875,0.646957,0.539758
1030821792211,0.649366,0.540761
1030821822547,0.648726,0.541992
1030821852078,0.648774,0.541041
1030821883219,0.648739,0.535988
1030821913555,0.649327,0.534432
1030821943891,0.650445,0.530648
1030821974227,0.648848,0.527246
1030822003758,0.589023,0.494453
1030822034918,0.573626,0.464714
1030822065254,0.549582,0.43249
1030822095590,0.547339,0.431952
1030822125907,0.539975,0.424618
1030822156262,0.542766,0.413701
1030822186579,0.544712,0.411476
1030822216915,0.544806,0.418396
1030822247270,0.545753,0.430708
1030822277606,0.547555,0.437308
1030822307942,0.546933,0.448166
1030822338278,0.54631,0.458865
1030822368614,0.545534,0.456741
1030822398950,0.537621,0.460009
1030822429286,0.539277,0.459098
1030822459622,0.540561,0.465596
1030822489958,0.540895,0.46446
1030822520294,0.541435,0.464769
1030822550630,0.541432,0.46117
1030822580966,0.542897,0.468435
1030822610478,0.544062,0.465417
1030822640814,0.545235,0.467731
1030822671150,0.543797,0.463971
1030822702310,0.542157,0.457365
1030822731822,0.537485,0.449099
1030822762982,0.535051,0.440758
1030822793336,0.536507,0.431459
1030822822839,0.534177,0.433089
1030822853166,0.533397,0.437674
1030822883502,0.532152,0.436224
1030822913838,0.531594,0.442119
1030822944998,0.531738,0.445079
1030822975334,0.534662,0.447715
1030823004846,0.535597,0.451192
1030823035182,0.529949,0.447282
1030823066342,0.525475,0.442848
1030823095854,0.521872,0.423404
1030823126190,0.521594,0.422271
1030823157350,0.42487,0.455717
1030823186853,-0.248493,0.688843
1030823218003,-0.7917,0.713916
1030823247534,-0.833005,0.68067
1030823278675,-0.813773,0.655648
1030823309011,-0.789817,0.572936
1030823339347,-0.803255,0.547728
1030823369683,-0.823421,0.536154
1030823400019,-0.838892,0.527564
1030823430355,-0.831951,0.530833
1030823459886,-0.841527,0.54102
1030823490222,-0.850184,0.557353
1030823520558,-0.851088,0.559922
1030823551699,-0.848533,0.557988
1030823582035,-0.843121,0.554379
1030823612371,-0.845048,0.556338
1030823641902,-0.843326,0.554757
1030823672238,-0.84555,0.553877
1030823702565,-0.782494,0.369335
1030823733734,-0.460764,-0.357136
1030823763237,-0.381685,-0.486695
1030823794387,-0.337226,-0.527039
1030823824723,-0.330319,-0.542883
1030823855059,-0.331979,-0.553064
1030823885414,-0.331181,-0.558821
1030823915750,-0.319371,-0.545698
1030823946067,-0.313629,-0.576492
1030823975589,-0.30814,-0.57027
1030824005925,-0.303535,-0.568967
1030824037075,-0.307137,-0.585668
1030824066597,-0.308769,-0.597804
1030824096933,-0.308894,-0.600547
1030824127269,-0.305064,-0.581836
1030824157605,-0.304927,-0.587567
1030824187941,-0.3034,-0.584279
1030824218277,-0.297954,-0.601803
1030824248613,-0.299322,-0.596747
1030824278949,-0.297145,-0.594776
1030824309285,-0.296526,-0.599062
1030824339621,-0.300125,-0.592864
1030824369957,-0.303368,-0.592876
1030824400293,-0.305481,-0.620196
1030824430638,-0.528845,-0.0709617
1030824460974,-0.735008,0.743541
1030824492115,-0.773755,0.882802
1030824521637,-0.777097,0.866092
1030824551973,-0.79576,0.929296
1030824583123,-0.802685,0.936067
1030824612645,-0.804568,0.946014
1030824643795,-0.811688,0.956868
1030824674131,-0.874609,0.874089
1030824703653,-0.877281,0.8403
1030824733989,-0.87376,0.825101
1030824764325,-0.880042,0.813881
1030824795475,-0.864579,0.78627
1030824825811,-0.271003,0.694897
1030824947155,0.605103,0.811527
1030824977510,0.620748,0.808271
1030825007846,0.620207,0.798928
1030825037349,0.608537,0.76809
1030825067685,0.611805,0.744534
1030825098030,0.618873,0.719083
1030825128366,0.618786,0.705016
1030825158693,0.621035,0.685962
1030825189029,0.609813,0.683908
1030825219365,0.612095,0.656976
1030825249710,0.610731,0.638595
1030825280046,0.611255,0.633138
1030825310382,0.608807,0.628624
1030825340718,0.606409,0.630537
1030825371054,0.603853,0.625306
1030825401390,0.603935,0.622998
1030825431726,0.604236,0.619866
1030825462062,0.608323,0.620368
1030825492398,0.608977,0.625767
1030825522734,0.596074,0.536243
1030825553894,0.576642,0.482622
1030825584230,0.564576,0.478781
1030825614566,0.556873,0.425917
1030825644078,0.549577,0.420274
1030825674414,0.541515,0.422173
1030825704750,0.538523,0.422189
1030825735086,0.540866,0.425803
1030825765422,0.541936,0.43161
1030825795758,0.54216,0.442049
1030825826094,0.530689,0.484677
1030825856430,-0.0956758,0.60981
1030825917102,-0.437821,0.631025
1030825947429,-0.465245,0.61935
1030825977765,-0.442288,0.596993
1030826008934,-0.43394,0.553777
1030826039270,-0.420375,0.512501
1030826069606,-0.430319,0.506047
1030826099118,-0.455278,0.521236
1030826129454,-0.777079,0.704605
1030826159799,-0.826338,0.712626
1030826190135,-0.829158,0.718348
1030826220471,-0.834625,0.728263
1030826251622,-0.839208,0.72932
1030826281958,-0.836317,0.737526
1030826311470,-0.831632,0.73983
1030826341806,-0.869147,0.754324
1030826372142,-0.871256,0.758681
1030826402478,-0.870662,0.755991
1030826432814,-0.871735,0.756282
1030826463150,-0.872779,0.755443
1030826493486,-0.872474,0.753249
1030826523822,-0.876596,0.752105
1030826554158,-0.877507,0.749947
1030826584494,-0.880379,0.752153
1030826614830,-0.881347,0.752175
1030826645166,-0.883755,0.756886
1030826675502,-0.885772,0.761953
1030826705838,-0.885344,0.760489
1030826736174,-0.886049,0.764163
1030826766510,-0.885629,0.768799
1030826796846,-0.883893,0.764626
1030826827182,-0.658987,0.36574
1030826858342,-0.393501,-0.240029
1030826887854,-0.244995,-0.600382
1030826919014,-0.18092,-0.650188
1030826949350,-0.136606,-0.67809
1030826978853,-0.128953,-0.640544
1030827009198,-0.130547,-0.67094
1030827039525,-0.117673,-0.689812
1030827069861,-0.123516,-0.695716
1030827100197,-0.120347,-0.718128
1030827131366,-0.122819,-0.718861
1030827160869,-0.113303,-0.719832
1030827192038,-0.117057,-0.706688
1030827222374,-0.115175,-0.712275
1030827251877,-0.119229,-0.728147
1030827282222,-0.115436,-0.732324
1030827312558,-0.11355,-0.76839
1030827342894,-0.114277,-0.748155
1030827374054,-0.0794888,-0.733131
1030827403557,0.0169584,-0.169081
1030827434707,0.0561491,0.0522699
1030827464238,0.0725474,0.120043
1030827495398,0.0844653,0.120295
1030827524910,0.360396,0.471361
1030827556051,0.606941,0.829939
1030827585582,0.641583,0.918538
1030827615918,0.646227,0.89245
1030827646254,0.651899,0.903291
1030827676590,0.644035,0.906855
1030827706926,0.627082,0.863297
1030827737262,0.618941,0.845219
1030827767598,0.616972,0.822281
1030827797934,0.611445,0.804775
1030827828270,0.612135,0.787376
1030827858606,0.6162,0.77025
1030827888942,0.173567,1.03915
1030827920102,-0.48738,1.0849
1030827950438,-0.849129,1.03334
1030827980774,-0.849243,0.900536
1030828010277,-0.863294,0.830411
1030828041427,-0.824472,0.765143
1030828071763,-0.833736,0.750437
1030828102099,-0.847924,0.744629
1030828132435,-0.853821,0.744025
1030828162771,-0.849099,0.740806
1030828193107,-0.8458,0.737755
1030828223443,-0.849326,0.730165
1030828253779,-0.848199,0.725816
1030828284115,-0.839571,0.728112
1030828314451,-0.816955,0.601104
1030828343973,-0.536225,-0.178414
1030828374318,-0.32423,-0.357669
1030828404645,-0.245251,-0.472521
1030828434981,-0.225018,-0.501907
1030828465317,-0.230861,-0.456808
1030828495653,-0.215014,-0.456622
1030828525989,-0.204227,-0.474561
1030828556325,-0.200169,-0.48805
1030828586661,-0.201375,-0.477374
1030828616997,-0.201805,-0.474724
1030828647333,-0.201792,-0.455518
1030828678483,-0.196159,-0.455635
1030828708819,-0.197107,-0.462167
1030828739174,-0.200427,-0.487936
1030828768677,-0.192466,-0.51265
1030828799013,0.103305,-0.508091
1030828829349,0.192191,-0.512206
1030828859685,0.226034,-0.516728
1030828890021,0.236607,-0.525715
1030828920357,0.243211,-0.523171
1030828950693,0.248577,-0.525326
1030828981029,0.239116,-0.524331
1030829012179,0.237315,-0.52019
1030829042515,0.248958,-0.544234
1030829072851,0.258187,-0.561372
1030829103187,0.288371,-0.565658
1030829133523,0.552026,-0.0537213
1030829163859,0.653766,0.116738
1030829193390,0.671314,0.199899
1030829223726,0.671484,0.2023
1030829254062,0.672093,0.182694
1030829284398,0.669477,0.180331
1030829314734,0.670529,0.169639
1030829345070,0.664478,0.166601
1030829375406,0.691808,0.508983
1030829405742,0.687689,0.818268
1030829436078,0.683159,0.837015
1030829466414,0.687749,0.836896
1030829496750,0.68044,0.849434
1030829527086,0.675735,0.838495
1030829557422,0.669914,0.827703
1030829587758,0.667851,0.792317
1030829618094,0.665895,0.793529
1030829648430,0.664208,0.79199
1030829678766,0.64869,0.771937
1030829709926,0.629034,0.762354
1030829739438,0.611709,0.761524
1030829770598,0.602885,0.772352
1030829800934,0.594059,0.776084
1030829831270,0.586783,0.781255
1030829860782,0.582474,0.78756
1030829891118,0.411513,0.820166
1030829922278,-0.323933,0.898896
1030830043622,-0.702282,0.561273
1030830073958,-0.746515,0.56271
1030830104294,-0.766237,0.56886
1030830134630,-0.784617,0.579082
1030830164966,-0.79619,0.587106
1030830194478,-0.798156,0.593892
1030830225638,-0.790256,0.602554
1030830255974,-0.786788,0.595243
1030830285477,-0.787999,0.59558
1030830315813,-0.786367,0.589561
1030830346149,-0.780253,0.589062
1030830376485,-0.807636,0.230138
1030830406830,-0.792694,-0.000151992
1030830437971,-0.798885,-0.0637372
1030830467502,-0.805675,-0.0715519
1030830497829,-0.804819,-0.0914807
1030830528174,-0.803889,-0.0801486
1030830558510,-0.800814,-0.103872
1030830589651,-0.565918,-0.359388
1030830619182,-0.452099,-0.374591
1030830650342,-0.408667,-0.393334
1030830680678,-0.396274,-0.402474
1030830711014,-0.38826,-0.411288
1030830741331,-0.381196,-0.418479
1030830771686,-0.390214,-0.398284
1030830802022,-0.386134,-0.399309
1030830832339,-0.349241,-0.428928
1030830862694,0.130008,-0.413334
1030830893011,0.299714,-0.497656
1030830923347,0.336075,-0.487631
1030830953683,0.351233,-0.476891
1030830984019,0.349086,-0.494118
1030831013550,0.353755,-0.48166
1030831044691,0.371167,-0.473509
1030831075027,0.655356,-0.491004
1030831105382,0.765056,-0.482652
1030831134894,0.788717,-0.46991
1030831166054,0.784865,-0.464419
1030831196390,0.779785,-0.46291
1030831225902,0.798668,-0.437598
1030831256238,0.791414,-0.434334
1030831287398,0.763546,-0.259091
1030831317734,0.73561,0.284783
1030831348070,0.695435,0.34943
1030831378406,0.674921,0.333686
1030831408742,0.661564,0.36024
1030831439078,0.652023,0.349886
1030831469414,0.645027,0.370787
1030831499750,0.640401,0.361753
1030831530086,0.635517,0.370751
1030831560422,0.627884,0.37128
1030831590758,0.620393,0.359912
1030831621094,0.616748,0.341397
1030831651430,0.606046,0.326986
1030831681766,0.599206,0.321742
1030831712102,0.59382,0.322187
1030831742456,0.593159,0.325595
1030831772774,0.591876,0.329148
1030831802286,0.593319,0.33422
1030831833446,0.595427,0.334673
1030831863782,0.592686,0.352002
1030831894118,0.42713,0.124585
1030831923630,0.377184,0.0482752
1030831953966,0.350734,0.0281143
1030831984302,0.335555,0.0428753
1030832015462,0.328535,0.0496112
1030832045798,0.324809,0.0545359
1030832076134,0.319138,0.0541207
1030832106470,0.31755,0.0583775
1030832136806,-0.0317655,0.0143734
1030832167142,-0.340838,-0.0880747
1030832196654,-0.403959,-0.132829
1030832226990,-0.420113,-0.159235
1030832257326,-0.417232,-0.183532
1030832287662,-0.790203,0.276536
1030832318803,-0.907571,0.624084
1030832349139,-0.878711,0.680609
1030832378661,-0.876513,0.710489
1030832409006,-0.871038,0.735434
1030832439342,-0.869783,0.730797
1030832470483,-0.872055,0.738137
1030832500014,-0.87549,0.751271
1030832531155,-0.88599,0.779854
1030832560686,-0.879412,0.77905
1030832591022,-0.879951,0.777103
1030832621358,-0.879704,0.772888
1030832651694,-0.879799,0.760155
1030832682030,-0.876062,0.765379
1030832713190,-0.654261,0.442763
1030832742702,-0.266074,-0.222037
1030832773038,-0.0854921,-0.44272
1030832803365,-0.0238106,-0.487939
1030832833701,-0.00661087,-0.522214
1030832864037,0.00185823,-0.523336
1030832895187,-0.000556707,-0.548067
1030832925523,0.0225427,-0.52806
1030832955859,0.00926161,-0.550584
1030832986195,0.0161712,-0.555824
1030833015717,0.235548,-0.257196
1030833046867,0.323759,-0.043607
1030833076389,0.345306,0.0810584
1030833107539,0.351433,0.0943435
1030833137894,0.360771,0.116412
1030833168230,0.363634,0.112546
1030833198566,0.362386,0.109518
1030833228902,0.358693,0.0982406
1030833259238,0.36264,0.0807533
1030833289574,0.634286,0.0712994
1030833319910,0.702708,0.0834097
1030833350246,0.720775,0.0979825
1030833380582,0.714697,0.103442
1030833410918,0.725158,0.104609
1030833441254,0.727844,0.0979203
1030833471590,0.724354,0.0933681
1030833501926,0.722667,0.0947132
1030833532262,0.719131,0.0912245
1030833562598,0.716117,0.0883271
1030833592934,0.715454,0.0863302
1030833623270,0.710518,0.0827152
1030833653606,0.708799,0.0778955
1030833683942,0.704614,0.0719602
1030833714278,0.702555,0.0716605
1030833744614,0.702188,0.0688008
1030833774950,0.700089,0.0704898
1030833805286,0.701757,0.0705814
1030833835622,0.702033,0.0785735
1030833865958,0.689169,-9.47714e-05
1030833896294,0.662166,-0.0473893
1030833926630,0.638598,-0.0857897
1030833956966,0.625971,-0.0872951
1030833987302,0.614499,-0.0897882
1030834017638,0.604583,-0.107828
1030834047974,0.598235,-0.119054
1030834078310,0.595185,-0.145415
1030834107813,0.591538,-0.147486
1030834138149,0.58736,-0.152508
1030834168494,0.172252,-0.129227
1030834198830,-0.00804281,-0.133818
1030834229971,-0.0550094,-0.156782
1030834260307,-0.0867244,-0.161561
1030834289838,-0.0904738,-0.171978
1030834320174,-0.122775,-0.167329
1030834350510,-0.697912,0.619996
1030834472678,-0.74793,0.387897
1030834503032,-0.804845,0.446949
1030834533368,-0.863824,0.541997
1030834563722,-0.911782,0.626361
1030834594058,-0.929409,0.686017
1030834624376,-0.950278,0.704646
1030834653889,-0.976158,0.767812
1030834684225,-0.969151,0.779243
1030834714561,-0.951902,0.750852
1030834745720,-0.930569,0.722413
1030834775223,-0.660605,0.321828
1030834806392,-0.311349,-0.0435441
1030834836728,-0.257671,-0.0898968
1030834867064,-0.220751,-0.121025
1030834896567,-0.189901,-0.138311
1030834926903,-0.181883,-0.174937
1030834957239,-0.190437,-0.183161
1030834987575,-0.183353,-0.178546
1030835017911,-0.177447,-0.177648
1030835048247,-0.172734,-0.194114
1030835078583,-0.166948,-0.194229
1030835108910,-0.16872,-0.199018
1030835139246,-0.169265,-0.203192
1030835169582,-0.167384,-0.214764
1030835199918,-0.168242,-0.229342
1030835230254,-0.169855,-0.232876
1030835260590,-0.161735,-0.243825
1030835290926,-0.161638,-0.240683
1030835322104,-0.152921,-0.240148
1030835352440,-0.155519,-0.250592
1030835381934,-0.149291,-0.262499
1030835412270,-0.150387,-0.257364
1030835442606,-0.153455,-0.252486
1030835472942,-0.153994,-0.255198
1030835504120,-0.154708,-0.252828
1030835533614,-0.152736,-0.235972
1030835563950,-0.152494,-0.228171
1030835594286,-0.154488,-0.227194
1030835624622,-0.156343,-0.215137
1030835655782,-0.617926,0.139791
1030835685294,-0.837568,0.289826
1030835716454,-0.82774,0.293828
1030835746790,-0.827712,0.29202
1030835776302,-0.837766,0.302951
1030835806638,-0.837641,0.305835
1030835836965,-0.842386,0.301085
1030835867310,-0.867021,0.543428
1030835898470,-0.85431,0.545786
1030835928806,-0.854681,0.539611
1030835959142,-0.856432,0.54685
1030835989478,-0.859762,0.539777
1030836019814,-0.857604,0.526205
1030836050150,-0.856617,0.522009
1030836080486,-0.853626,0.521422
1030836110822,-0.849298,0.531037
1030836141158,-0.851029,0.530979
1030836171494,-0.849718,0.53704
1030836201006,-0.851472,0.536759
1030836232166,-0.789467,0.451768
1030836262502,-0.58236,0.179311
1030836292838,-0.503937,0.122152
1030836322350,-0.464723,0.114805
1030836352686,-0.460529,0.120436
1030836383022,-0.443981,0.11278
1030836413358,-0.451513,0.111692
1030836443694,-0.446706,0.0920372
1030836474030,-0.418331,0.0833004
1030836687224,-0.101022,-0.247893
1030836717542,-0.110755,-0.2471
1030836747878,-0.119488,-0.247701
1030836777390,-0.115902,-0.251383
1030836807726,-0.119353,-0.280575
1030836838062,-0.125741,-0.274102
1030836868398,-0.131817,-0.248584
1030836899539,-0.135863,-0.223436
1030836929070,-0.139724,-0.195287
1030836960211,-0.132322,-0.194833
1030836990547,-0.13187,-0.189259
1030837020078,-0.133214,-0.194714
1030837050414,-0.129698,-0.198071
1030837080750,-0.131585,-0.200425
1030837111086,-0.0958892,-0.214742
1030837141422,0.335125,0.158177
1030837171758,0.529914,0.524984
1030837202094,0.523906,0.590342
1030837232430,0.536171,0.599627
1030837262766,0.580901,0.693362
1030837293102,0.610205,0.755814
1030837324262,0.624252,0.728848
1030837354598,0.624118,0.706095
1030837384934,0.613043,0.681055
1030837415270,0.607681,0.654637
1030837445606,0.609765,0.636554
1030837475942,0.605224,0.627729
1030837506278,0.59547,0.615103
1030837536614,0.603332,0.606304
1030837566968,0.592752,0.600262
1030837597286,0.587269,0.593393
1030837627622,0.585851,0.34634
1030837657958,0.584608,-0.157566
1030837688294,0.584451,-0.264464
1030837718630,0.583165,-0.244195
1030837748966,0.585438,-0.272018
1030837779302,0.581991,-0.251524
1030837809638,0.578649,-0.270679
1030837839974,0.575124,-0.266387
1030837870310,0.575169,-0.25469
1030837900646,0.572878,-0.26241
1030837930982,0.527404,-0.273718
1030837960494,0.0165493,-0.245708
1030837991654,-0.0596437,-0.225714
1030838021990,-0.0861937,-0.194694
1030838052326,-0.0988401,-0.170807
1030838082662,-0.0924311,-0.16724
1030838112979,-0.0920014,-0.166222
1030838142510,-0.51727,0.347667
1030838173670,-0.795657,0.633043
1030838203182,-0.804549,0.647536
1030838233518,-0.804784,0.649822
1030838263854,-0.793575,0.660896
1030838294190,-0.802537,0.66286
1030838324526,-0.806354,0.656173
1030838354862,-0.801515,0.654721
1030838385198,-0.795335,0.641613
1030838415534,-0.784116,0.639894
1030838445870,-0.785118,0.637665
1030838476206,-0.784362,0.635795
1030838506542,-0.786944,0.628431
1030838536878,-0.786856,0.635134
1030838567214,-0.787485,0.643588
1030838597550,-0.788964,0.642303
1030838627886,-0.698962,0.192935
1030838658222,-0.609658,-0.0739504
1030838689363,-0.56902,-0.13617
1030838719699,-0.550383,-0.146474
1030838749230,-0.539456,-0.155301
1030838780371,-0.532817,-0.1759
1030838810726,-0.53036,-0.167176
1030838841062,-0.522854,-0.18887
1030838871398,-0.512222,-0.200196
1030838901734,0.0122514,-0.467854
1030838932051,0.443465,-0.63008
1030838962406,0.673425,-0.497675
1030838991909,0.693927,-0.555031
1030839022245,0.727935,-0.523182
1030839052581,0.732656,-0.513323
1030839082917,0.723216,-0.546379
1030839113253,0.716013,-0.571288
1030839143589,0.696434,-0.580649
1030839173925,0.691582,-0.580217
1030839204261,0.689363,-0.601117
1030839234597,0.686215,-0.596083
1030839264933,0.702048,-0.58763
1030839296102,0.734052,0.0317291
1030839326438,0.735484,0.343827
1030839355941,0.728914,0.407478
1030839386286,0.725804,0.390957
1030839416622,0.728579,0.413443
1030839446949,0.726589,0.403585
1030839477285,0.723023,0.395352
1030839508454,0.722341,0.391279
1030839538790,0.720091,0.381207
1030839569126,0.726157,0.393305
1030839598638,0.728826,0.434751
1030839628974,0.669795,0.432917
1030839659301,0.630952,0.427275
1030839689637,0.622607,0.434526
1030839720806,0.614312,0.433899
1030839751142,0.607065,0.420384
1030839781478,0.602634,0.417529
1030839811814,0.599691,0.413398
1030839842150,0.434614,0.310584
1030839871662,0.104367,0.0746212
1030839902822,-0.00617945,-0.0177035
1030839933158,-0.0151656,-0.0356783
1030839963494,-0.0156761,-0.0512888
1030839993830,-0.0125371,-0.0927442
1030840023342,-0.00255424,-0.116652
1030840054502,-6.80089e-05,-0.0853529
1030840084838,-0.0235392,-0.0773606
1030840115155,-0.0201842,-0.0933909
1030840145510,-0.294573,-0.477674
1030840175022,-0.371066,-0.593788
1030840206182,-0.41641,-0.662772
1030840236518,-0.437267,-0.674662
1030840266030,-0.43274,-0.676429
1030840296366,-0.425552,-0.665678
1030840327526,-0.429312,-0.646655
1030840357862,-0.446813,-0.652266
1030840388198,-0.417596,-0.666604
1030840418534,-0.148422,-0.117335
1030840448870,-0.0545235,0.0639042
1030840479206,-0.0227169,0.11209
1030840509542,0.00753665,0.165082
1030840539878,0.0030781,0.213273
1030840570214,0.00838172,0.181864
1030840600550,0.00929904,0.174268
1030840630886,0.0110865,0.187155
1030840661222,0.0123301,0.172473
1030840690734,0.0175176,0.162095
1030840721070,0.0188892,0.164495
1030840752230,0.0196276,0.158655
1030840782566,0.0171597,0.163416
1030840812078,0.0138301,0.158303
1030840843238,0.0149423,0.152189
1030840872750,-0.368819,-0.431837
1030840903910,-0.760725,-1.35691
1030841176110,-0.439803,-0.911389
1030841207270,-0.0199821,-0.0527887
1030841237606,0.0278302,0.0937653
1030841267942,0.0392038,0.163915
1030841297454,0.0280209,0.206413
1030841328614,0.0241808,0.164071
1030841358950,0.032033,0.134307
1030841389286,0.0339993,0.144478
1030841419640,0.033988,0.129183
1030841449976,0.0339701,0.135219
1030841480312,0.034948,0.161512
1030841510630,0.0506485,0.11241
1030841540151,0.0447066,0.109884
1030841571302,0.0423334,0.111506
1030841600823,0.0469506,0.0989689
1030841631974,0.0484827,0.0971583
1030841661495,0.0464406,0.0884084
1030841692646,0.0432274,0.0892217
1030841722982,0.0453939,0.0890366
1030841753318,0.0432734,0.0834783
1030841783654,0.0427102,0.085216
1030841814008,0.0428488,0.0853332
1030841843502,0.0407507,0.0847615
1030841874662,0.0409565,0.0710109
